181
103
145
187
185
78
118
165
32
60
49
108
116
135
83
51
154
33
22
32
11
4
81
107
165
191
170
195
91
5
164
148
187
44
33
7
31
69
30
166
42
106
4
65
191
35
69
85
25
168
137
134
191
156
181
120
74
130
128
36
35
118
171
37
71
183
187
118
43
17
76
137
51
130
168
1
145
60
63
174
174
16
105
50
7
114
171
82
192
97
51
146
82
96
187
66
115
113
152
92
189
13
34
87
4
143
36
130
30
20
178
12
170
33
164
154
46
61
9
31
74
120
57
174
43
29
121
6
108
6
111
70
23
36
31
109
4
90
133
126
138
166
59
124
53
154
59
28
164
71
81
26
186
159
14
172
82
10
41
83
152
179
46
101
179
10
30
71
107
166
10
15
147
25
105
52
156
88
122
123
38
41
2
134
135
13
81
161
49
33
79
17
35
110
20
101
85
28
143
160
14
126
175
159
28
126
53
15
87
24
42
112
167
9
85
130
173
88
108
67
145
193
189
50
149
79
92
88
33
112
73
10
51
185
148
142
121
72
8
153
164
123
32
186
36
67
182
168
2
191
7
71
184
63
99
95
130
127
64
153
172
101
161
35
24
36
49
193
149
132
147
166
61
117
171
29
40
135
189
147
109
3
51
137
150
126
37
189
31
73
102
49
147
19
138
166
63
70
170
29
105
22
122
146
67
74
126
103
15
106
41
97
104
3
72
185
43
90
190
98
24
191
115
71
183
11
133
41
3
141
88
55
17
167
70
122
151
193
26
43
179
117
82
27
58
167
2
76
89
18
68
159
168
145
78
159
85
154
94
27
31
21
135
171
53
110
120
73
194
133
113
140
110
183
20
161
162
94
85
127
119
108
111
28
141
6
179
155
15
83
160
121
13
101
178
108
73
170
117
167
156
194
184
86
186
126
86
168
173
52
66
20
54
122
139
94
98
122
144
13
61
138
34
164
43
8
62
165
148
165
175
89
20
26
195
146
23
102
26
110
20
52
103
13
114
188
164
170
13
164
43
132
60
74
86
118
1
11
2
79
65
76
150
151
168
141
11
158
105
115
48
36
101
69
126
65
63
142
147
162
118
145
193
72
53
72
40
68
125
161
142
30
82
72
31
159
7
54
119
179
86
81
75
33
93
132
94
42
184
34
106
187
87
16
107
29
125
36
35
80
15
178
193
63
144
65
67
160
62
55
108
8
30
4
145
71
108
150
131
181
181
159
20
69
98
181
160
111
154
117
173
119
28
125
68
51
9
47
56
180
184
148
193
60
6
79
147
125
95
145
9
82
18
116
173
184
140
138
50
2
192
141
196
143
12
22
154
92
31
60
30
88
138
32
3
76
190
76
35
95
81
173
25
23
39
63
99
127
42
192
145
38
100
140
96
73
51
107
178
120
96
12
84
132
40
187
163
117
97
103
153
106
54
136
43
96
54
34
182
91
86
111
172
191
150
38
110
131
158
191
109
24
84
108
155
137
149
180
13
189
76
61
13
39
84
102
159
166
70
119
146
9
193
13
187
95
64
90
107
104
40
172
189
1
144
30
59
14
102
118
190
31
117
152
116
62
96
83
144
98
102
193
79
60
130
174
134
21
21
181
6
176
166
126
85
95
36
160
111
128
44
29
30
154
157
46
163
138
80
95
179
33
151
85
88
182
23
104
14
136
126
30
195
68
116
42
57
12
62
179
34
132
174
71
15
147
11
22
148
151
131
159
53
196
47
190
79
65
48
108
182
178
179
12
15
132
11
14
146
118
65
13
120
135
130
81
188
144
17
105
145
3
3
133
116
29
186
194
76
156
150
122
57
151
65
14
163
56
11
16
95
69
116
171
123
150
111
35
117
166
134
56
115
55
121
18
107
3
156
59
70
98
164
56
5
162
64
165
172
124
31
172
184
178
103
132
95
130
2
66
72
176
74
147
23
35
113
111
63
169
171
70
52
106
174
35
183
18
15
193
171
126
149
120
94
134
112
116
156
162
192
98
180
181
156
69
193
159
157
109
17
134
60
86
191
167
144
141
24
57
61
89
129
134
161
185
160
76
66
75
93
45
2
95
51
53
141
181
176
31
189
130
102
123
85
119
178
23
25
56
95
65
196
132
155
170
170
160
97
128
68
109
191
72
77
26
133
41
17
164
90
59
75
17
66
72
15
164
174
192
4
103
53
126
188
164
26
99
95
29
162
160
56
70
177
7
190
35
11
167
57
133
89
78
66
78
127
126
189
105
5
179
63
84
61
103
14
158
113
187
21
6
150
152
182
81
141
72
127
20
67
17
87
188
122
92
195
43
57
38
153
5
177
125
194
100
97
121
89
140
33
145
112
183
6
46
38
32
56
184
20
11
55
121
117
121
82
99
107
151
188
179
63
69
111
74
85
154
39
57
123
173
83
192
37
27
152
142
193
112
63
69
183
170
11
102
195
178
51
171
77
51
18
114
60
103
103
157
150
66
70
4
16
27
191
49
158
59
18
4
86
29
49
56
15
165
113
50
42
155
57
196
138
24
173
155
1
110
100
107
147
26
15
32
110
141
162
63
39
90
43
61
155
186
130
133
135
158
158
114
190
59
50
95
131
60
74
191
34
124
99
130
85
175
135
149
177
133
87
128
96
3
52
185
116
164
1
9
46
140
166
181
138
51
151
6
29
84
172
112
147
13
69
28
154
162
146
105
58
143
106
153
188
165
195
96
161
183
1
135
134
61
55
57
176
90
119
145
44
43
140
79
47
112
47
145
131
17
193
104
95
144
59
146
30
1
8
69
48
186
182
30
150
74
69
14
81
196
28
114
110
93
83
184
110
196
87
65
60
191
82
94
128
142
57
81
172
4
158
107
32
11
31
175
123
142
81
5
88
31
147
189
62
7
161
7
117
119
174
143
34
184
149
127
161
103
103
2
43
131
7
103
196
163
25
89
28
33
85
87
76
17
51
74
76
112
50
151
96
190
164
107
161
137
120
112
165
92
122
94
14
137
188
166
100
6
44
114
119
25
185
147
133
156
16
146
13
176
73
132
191
161
67
146
177
18
68
55
154
119
26
100
59
65
80
169
35
62
56
133
118
75
118
35
88
175
24
39
32
177
72
81
187
155
163
137
191
88
132
101
123
81
23
170
189
171
182
9
84
68
118
142
135
173
128
115
86
38
129
120
98
194
114
50
188
3
43
93
38
22
109
177
33
160
131
50
61
111
101
189
93
191
28
68
31
162
64
49
7
30
112
20
122
64
139
19
194
38
139
114
5
68
150
96
105
86
179
88
143
93
118
48
96
53
96
110
13
116
98
185
1
91
97
14
44
152
25
190
153
103
84
174
26
184
150
187
100
141
32
194
114
58
189
34
115
56
149
100
187
183
193
149
104
185
147
192
121
119
148
151
39
179
18
74
176
165
134
144
187
136
177
110
87
137
133
182
170
1
97
166
151
89
159
139
168
88
65
67
49
162
29
70
61
172
135
146
132
1
94
148
135
22
30
114
52
138
143
48
161
177
187
78
74
116
187
22
117
29
125
107
125
82
5
67
104
28
155
162
18
58
188
170
194
106
87
79
8
162
39
130
52
36
17
134
64
96
126
51
131
188
65
46
169
112
149
160
161
92
57
131
150
23
83
32
152
24
163
89
111
130
78
132
61
173
137
75
17
119
135
56
60
27
141
34
85
59
99
173
11
125
29
130
8
121
2
138
108
38
2
89
142
68
77
109
185
92
65
144
16
151
138
179
59
56
102
114
113
49
77
170
73
192
183
72
137
146
34
162
30
57
70
149
93
10
143
20
191
119
105
67
176
182
55
187
166
94
77
113
61
172
57
45
49
15
82
119
138
2
132
70
77
152
179
112
85
26
159
64
3
113
36
196
55
66
54
57
13
183
25
76
121
148
44
132
171
59
35
153
193
38
7
24
189
3
124
196
166
115
47
144
37
56
186
115
123
65
42
70
122
93
125
110
133
120
92
171
33
157
3
117
30
59
147
81
53
164
111
130
68
179
149
13
163
73
47
114
153
196
136
15
32
56
91
10
25
24
29
46
175
153
178
182
8
126
28
56
122
68
57
187
53
1
173
44
156
80
39
184
87
173
14
43
11
12
7
164
92
61
78
16
11
68
39
52
93
87
58
161
38
33
19
33
102
89
84
150
58
33
116
9
188
68
96
51
9
167
172
185
143
87
49
99
179
124
81
2
146
16
135
126
178
166
100
6
152
78
35
10
178
78
167
128
145
184
192
63
37
127
83
9
134
94
77
15
148
106
1
64
177
101
50
160
17
48
24
161
10
76
89
91
60
109
107
108
154
154
84
44
169
129
3
117
154
58
65
74
17
1
103
60
165
118
2
106
35
59
153
32
24
114
75
114
190
156
110
192
182
167
113
77
183
175
5
74
166
1
108
63
106
115
179
7
25
121
61
142
62
175
165
26
113
139
161
37
21
178
124
82
170
125
81
52
172
26
170
87
162
137
13
44
180
184
55
138
177
75
72
177
107
108
135
85
64
185
153
192
182
113
52
136
62
40
169
129
16
108
196
68
58
119
6
43
127
89
112
183
1
53
185
125
28
47
86
19
45
57
111
149
146
162
36
160
163
75
2
58
107
165
159
111
39
123
64
168
120
18
76
125
77
7
115
115
84
111
25
10
94
134
174
116
105
54
54
183
182
90
176
172
170
96
143
121
114
146
170
121
94
112
156
65
137
123
129
118
174
114
120
126
37
131
87
143
32
153
96
66
56
141
13
131
9
92
73
162
144
130
13
12
96
158
9
44
116
92
58
167
39
151
144
97
160
28
112
167
129
46
195
189
165
22
15
124
151
95
110
20
89
13
137
114
183
122
17
73
118
192
145
132
141
32
139
186
43
37
68
154
106
109
96
154
194
192
119
23
87
161
12
131
115
152
82
148
128
72
145
190
128
66
113
66
157
153
118
182
13
160
17
57
97
9
12
87
51
163
43
100
104
48
173
77
130
104
138
110
1
3
112
58
147
151
106
32
65
17
193
166
1
164
97
93
122
148
2
152
66
108
117
166
53
110
28
10
91
180
36
74
37
156
57
163
167
93
44
91
9
29
160
148
27
30
88
108
8
127
120
36
16
25
113
165
29
44
14
130
63
162
1
80
150
39
42
107
150
155
155
117
169
168
106
119
15
45
59
93
71
13
66
79
105
182
193
143
78
52
176
140
46
183
78
190
18
21
79
195
70
8
90
176
34
98
123
93
97
164
90
122
161
187
34
131
139
58
102
88
168
48
113
179
48
53
168
117
145
129
191
24
154
150
190
75
82
80
75
147
13
184
128
51
168
85
72
78
91
161
134
13
175
122
111
10
143
91
109
195
27
193
146
5
138
175
170
82
35
8
38
100
193
69
89
190
139
146
127
91
50
105
31
78
38
22
116
46
147
131
29
189
94
126
61
97
131
164
194
12
85
127
40
79
91
169
161
10
107
84
13
154
55
106
121
20
103
133
73
35
6
7
82
48
136
181
19
32
6
186
161
7
36
123
121
24
170
102
72
169
140
94
133
167
42
155
60
50
48
169
94
52
65
6
75
186
88
111
186
80
13
60
47
119
98
146
60
118
67
137
68
102
167
92
14
52
92
74
84
36
28
145
54
185
52
42
74
74
196
40
172
127
16
38
142
128
57
9
90
151
42
57
143
18
52
67
147
182
185
43
124
164
4
59
73
4
102
151
112
149
139
117
39
127
143
56
184
99
102
94
79
39
56
93
70
186
56
183
114
164
95
54
1
164
169
83
55
63
102
166
34
150
36
148
55
167
75
107
155
169
69
166
152
73
94
27
67
125
120
128
44
107
131
137
167
109
45
100
107
106
127
175
41
180
144
137
76
20
110
82
6
58
63
143
185
113
43
1
147
4
143
187
59
91
127
125
135
57
135
102
10
166
127
36
21
5
65
193
89
80
76
144
74
102
106
149
143
118
86
1
171
69
116
80
97
26
28
70
46
44
36
53
62
33
65
40
187
13
146
95
147
187
91
180
9
15
100
177
94
152
1
153
44
122
12
113
123
32
116
76
128
40
181
129
139
80
46
180
96
177
149
74
69
7
181
66
75
93
135
185
12
52
78
129
73
101
90
52
150
93
195
116
16
26
86
154
32
47
32
180
98
110
67
102
76
52
171
119
160
105
170
157
129
112
39
179
148
113
76
184
123
169
29
119
21
172
152
6
24
175
167
95
119
153
78
127
103
159
86
77
117
193
133
169
88
56
127
121
67
13
59
154
91
46
92
51
149
163
89
173
78
148
30
186
118
66
147
27
129
107
185
131
171
82
130
64
93
23
166
12
14
6
59
6
82
35
150
43
117
103
102
26
187
38
110
106
185
95
123
154
9
84
34
84
4
83
50
86
20
39
166
4
190
125
59
115
190
174
12
68
1
139
46
129
105
97
182
165
100
133
157
151
73
167
44
83
48
150
174
44
110
117
50
55
194
100
46
71
180
46
167
165
25
160
24
146
115
56
164
49
109
56
152
53
41
84
189
151
131
178
77
5
173
138
195
34
33
79
56
64
19
1
87
165
127
136
21
20
103
117
141
77
98
30
73
59
52
178
78
37
23
80
61
97
38
32
159
182
126
103
110
97
171
105
9
34
49
65
45
14
149
100
11
67
137
58
22
54
161
7
41
1
131
63
44
115
53
185
81
63
187
49
51
182
29
148
29
15
46
127
136
191
85
22
64
149
19
114
14
87
174
16
8
93
4
142
156
138
151
178
196
78
4
93
153
106
116
12
33
161
24
124
121
185
14
27
165
93
50
87
124
144
72
165
36
47
30
157
133
24
185
28
112
170
131
5
137
26
122
161
144
84
76
58
163
141
140
80
63
26
21
61
176
159
34
82
112
178
36
106
34
157
149
112
74
113
103
70
45
119
167
6
121
24
7
103
56
115
122
92
116
110
32
128
25
25
40
153
1
94
90
97
160
91
181
36
182
51
160
114
67
47
116
99
120
2
138
25
82
1
73
30
22
144
108
187
186
53
103
28
69
18
58
178
87
162
137
46
159
167
17
39
99
139
140
191
163
51
163
156
167
141
140
13
109
192
133
179
9
69
29
128
84
63
122
15
108
42
103
111
88
14
122
23
106
68
157
22
77
166
171
80
196
162
141
55
40
42
49
55
182
141
113
187
171
160
115
188
115
3
157
36
92
194
19
63
101
57
101
146
15
8
97
148
16
159
154
5
1
97
109
121
192
27
10
50
50
111
149
142
85
20
75
79
189
80
40
4
97
127
79
62
80
100
158
61
43
115
142
57
126
38
169
176
107
98
19
89
79
159
162
69
99
117
153
130
8
73
154
144
87
1
85
158
83
183
155
160
49
183
81
106
163
76
121
143
107
137
179
172
29
50
136
19
126
24
169
24
164
24
4
77
56
123
53
80
164
99
13
182
99
184
108
138
144
50
121
49
166
188
188
156
1
137
96
41
34
124
20
56
194
2
82
80
14
32
3
11
84
129
87
86
26
136
134
109
135
11
148
79
2
194
83
165
89
22
17
159
61
65
55
156
126
103
120
189
191
85
118
116
107
119
111
137
59
137
9
87
175
28
114
79
129
74
182
150
164
30
40
62
2
121
113
10
82
111
188
70
65
142
132
51
125
180
82
102
182
116
84
83
147
32
82
192
164
155
153
89
85
40
143
120
196
23
131
71
105
174
138
43
3
48
47
186
45
59
98
177
71
136
137
58
126
95
191
42
77
13
182
52
167
186
8
90
50
105
78
80
185
128
57
23
89
116
69
72
11
65
16
81
40
153
181
181
101
182
160
149
141
87
145
184
82
22
170
178
26
108
105
98
126
6
162
15
4
47
65
26
131
13
35
77
171
71
119
92
102
5
196
20
83
60
159
159
66
191
162
131
25
180
134
124
54
51
144
195
135
46
192
170
33
161
61
193
33
142
98
131
149
34
71
145
168
191
163
187
22
65
44
99
2
151
123
49
35
70
74
176
87
91
102
92
5
134
36
193
69
57
11
39
122
186
53
126
151
144
11
191
113
90
19
4
196
58
168
45
61
92
73
174
192
96
48
84
184
158
140
83
155
192
86
86
139
110
131
124
149
70
5
151
1
73
74
29
124
196
121
77
2
130
39
76
23
21
166
22
133
111
138
115
162
151
103
19
55
97
158
63
81
64
132
165
79
139
46
154
89
112
106
83
139
132
70
13
170
127
51
86
156
20
174
130
24
148
92
1
108
145
107
29
43
114
22
173
66
47
134
69
149
172
48
32
126
137
4
46
172
18
53
14
157
192
24
161
140
125
175
96
20
105
116
47
193
119
105
68
190
183
58
13
53
148
73
192
10
19
99
170
46
65
34
157
151
14
104
186
71
98
129
103
167
101
143
181
172
11
196
9
56
177
142
94
173
43
167
124
157
34
170
84
193
105
68
93
174
145
172
168
51
18
18
30
73
131
168
102
189
196
120
15
119
112
128
6
114
162
28
122
9
98
139
26
119
67
69
59
132
190
45
111
143
187
86
124
83
193
95
114
90
92
69
62
172
37
126
36
157
158
11
14
149
7
142
166
179
52
17
3
81
73
41
116
18
159
174
98
155
61
75
139
80
166
92
22
188
126
141
19
44
102
74
160
68
5
164
144
38
103
171
66
18
108
64
84
126
169
85
96
108
108
187
3
128
3
111
147
129
157
88
74
14
183
186
63
163
84
18
56
38
115
117
126
124
150
136
30
36
55
73
83
93
162
132
134
166
97
79
150
40
157
138
1
105
175
129
18
46
135
74
90
169
141
114
85
141
44
97
69
95
176
136
57
59
8
162
66
115
77
68
1
190
39
60
196
89
124
94
129
171
74
165
123
170
161
188
6
143
116
15
32
53
140
184
120
65
147
182
41
181
92
30
155
61
11
185
131
167
59
146
131
16
49
15
83
166
189
183
162
185
94
55
56
77
148
13
98
63
75
119
150
178
95
154
45
77
98
136
118
54
104
98
181
128
185
123
161
135
87
11
74
61
170
127
165
24
37
182
130
119
128
72
88
87
49
112
90
192
62
88
186
168
17
119
64
57
9
67
5
6
130
85
55
121
99
78
60
13
91
164
129
173
41
154
118
17
176
1
44
127
2
148
119
96
182
194
76
6
129
46
97
92
49
103
130
71
187
3
178
122
119
173
75
94
149
11
114
50
77
145
111
143
92
169
24
59
34
40
104
168
24
154
38
84
121
132
44
137
22
122
12
53
15
80
1
68
59
81
60
185
31
46
28
120
13
178
88
163
69
103
169
146
185
135
114
132
46
26
170
194
194
127
192
1
3
76
96
178
101
94
95
139
39
120
41
20
173
119
140
13
13
103
42
155
45
17
166
48
164
24
45
195
119
178
27
123
53
137
104
156
124
121
161
108
180
52
84
180
112
40
89
39
148
87
19
14
58
92
89
69
5
124
26
87
10
27
72
77
89
7
161
28
177
128
10
196
115
96
95
95
172
109
84
9
153
89
158
70
74
61
60
68
16
41
150
17
46
40
85
123
104
135
105
58
177
5
55
31
120
42
4
22
89
55
96
58
41
115
28
144
122
4
19
66
183
75
138
102
82
79
98
53
149
172
171
154
16
81
92
79
128
151
170
121
37
35
77
53
117
158
113
176
55
9
57
118
48
46
124
151
172
27
153
141
99
75
49
156
170
53
36
29
166
17
163
127
129
182
68
145
74
123
160
153
126
84
50
25
67
139
184
189
52
196
108
141
36
2
88
15
13
84
17
9
164
63
105
34
40
156
142
145
85
56
180
26
147
8
76
158
100
44
110
70
134
127
31
92
132
118
153
191
149
115
127
147
111
77
159
176
135
174
144
27
148
145
81
4
9
110
31
12
109
171
180
146
141
11
53
110
161
43
187
126
16
129
173
2
180
185
128
162
55
65
128
151
170
61
190
167
156
187
190
194
54
99
4
70
119
47
132
67
26
4
167
132
149
75
94
39
33
193
193
50
59
58
19
112
70
18
8
153
20
3
167
180
81
189
64
159
125
113
58
44
3
49
122
44
111
99
104
40
35
79
194
77
36
173
79
77
175
61
165
60
45
22
13
191
79
156
150
76
145
148
108
149
145
6
195
57
179
83
130
9
21
28
188
6
141
168
188
31
140
47
128
93
196
171
34
162
134
168
18
13
101
109
39
76
187
58
167
194
162
177
165
45
121
65
112
141
111
195
1
7
24
191
174
144
162
107
42
84
178
118
85
56
158
51
115
28
13
172
27
9
181
9
37
166
165
144
142
23
18
29
92
79
54
187
52
186
65
28
159
36
11
94
153
17
166
179
169
186
131
74
20
194
146
192
158
189
119
129
121
179
28
53
195
171
166
7
102
19
122
153
15
124
114
116
89
23
103
35
162
111
145
171
87
63
172
17
114
74
48
36
85
46
179
167
173
87
19
50
145
75
57
82
58
119
169
149
4
131
36
151
156
47
68
12
124
149
168
172
133
109
3
114
36
7
165
124
17
43
146
84
158
166
158
138
70
47
191
78
34
17
35
23
126
81
38
2
166
192
125
171
93
20
134
50
112
186
158
180
191
11
105
127
128
24
44
10
145
152
80
80
103
27
122
84
147
20
194
40
4
70
41
128
56
38
4
30
20
83
130
20
164
175
185
30
180
152
157
8
189
26
73
92
130
172
162
146
166
123
192
174
125
4
9
158
188
25
71
128
80
85
156
67
66
6
194
48
75
145
190
14
37
91
105
190
87
181
168
56
32
3
29
122
58
78
179
103
157
79
171
134
1
58
34
27
86
164
43
82
157
44
105
122
159
20
74
118
59
3
102
46
158
37
65
122
30
30
183
6
168
3
141
35
35
61
106
142
18
176
48
46
131
135
175
164
20
64
82
97
195
45
191
22
84
159
153
120
94
40
90
57
130
192
151
187
183
106
50
77
36
162
102
23
66
164
21
89
189
121
77
87
128
189
61
98
187
49
79
35
7
183
17
162
17
170
117
53
87
141
103
24
81
97
37
76
135
174
180
129
74
110
98
185
162
89
100
58
155
32
189
128
49
140
97
75
9
61
179
137
41
79
58
160
64
146
194
147
8
188
52
190
83
183
114
56
26
160
194
35
168
104
95
156
2
175
47
16
170
67
17
179
107
128
164
144
119
82
91
56
158
71
13
161
168
50
150
95
129
119
162
187
59
143
66
6
81
10
109
45
173
81
36
158
89
173
44
3
178
3
27
176
195
24
140
131
4
196
21
156
53
133
153
178
105
178
130
53
171
93
5
80
54
29
20
38
120
63
121
92
103
101
191
20
159
106
76
56
138
119
151
182
178
160
17
133
121
165
39
84
194
164
15
193
173
33
64
125
61
80
28
63
114
134
183
13
67
22
154
123
192
42
76
149
164
133
163
80
176
143
127
72
33
143
169
65
103
73
195
178
62
67
116
69
63
23
26
84
195
9
120
80
119
186
88
113
30
149
96
123
116
18
182
108
11
6
193
101
75
190
50
57
78
101
191
152
82
103
122
73
18
64
190
32
85
39
42
30
38
3
154
87
30
95
7
59
180
85
164
153
170
51
49
40
110
56
2
70
82
172
137
156
187
115
155
75
171
34
46
3
110
103
68
148
38
161
28
119
109
123
136
37
12
131
9
99
155
80
153
51
166
18
44
132
25
62
145
158
91
63
183
123
137
131
128
152
30
63
39
70
153
146
43
13
101
6
15
44
128
50
163
40
98
8
188
55
163
11
192
154
179
138
10
43
176
137
59
101
124
114
150
182
121
13
1
110
118
13
18
60
129
91
103
27
70
14
75
90
185
65
42
28
172
31
6
121
77
83
181
152
196
87
87
105
150
87
103
85
102
113
16
39
97
23
76
160
137
196
85
119
94
73
148
88
3
185
51
195
104
114
67
14
19
139
115
170
147
193
54
1
50
77
66
146
181
112
67
156
1
148
149
177
115
114
105
35
77
14
42
129
133
73
8
14
72
166
183
165
127
183
165
186
166
151
120
29
47
13
6
14
103
161
79
17
158
159
84
81
61
194
187
122
49
157
86
182
185
34
48
4
42
75
76
38
8
43
114
35
106
138
40
171
139
168
55
122
83
43
135
17
15
95
4
174
182
118
115
147
105
55
52
57
171
68
11
131
162
63
149
151
195
30
189
153
51
139
101
6
94
32
71
127
114
151
38
12
142
119
162
136
119
8
129
127
38
148
92
183
10
141
95
121
124
182
145
25
15
13
102
112
54
119
115
149
19
117
43
154
139
96
186
136
124
34
29
98
180
127
182
173
170
49
36
186
159
186
36
183
67
65
191
58
90
29
164
53
31
156
140
18
38
50
183
37
39
162
103
106
76
82
179
157
98
13
187
72
101
177
154
45
33
82
127
8
84
32
72
102
120
90
164
119
106
152
136
188
165
46
12
80
53
181
155
103
3
156
133
80
147
52
10
183
67
194
47
52
32
43
92
101
112
129
84
56
83
195
48
128
70
105
51
163
39
182
61
168
66
62
103
15
159
160
23
148
147
43
138
35
55
178
57
133
110
93
7
94
34
37
22
2
30
195
130
119
123
54
112
46
9
38
24
3
138
112
79
135
124
181
190
40
95
27
5
105
145
6
109
78
158
189
81
150
78
84
139
175
90
133
77
53
135
124
30
138
95
166
96
20
59
1
73
146
44
168
88
164
21
122
171
167
132
115
27
123
90
80
18
134
80
119
154
7
113
87
169
58
141
188
21
142
51
79
173
97
14
48
41
41
85
108
188
176
129
92
169
33
54
134
42
179
129
167
4
132
113
33
191
161
172
28
8
161
138
106
190
122
49
132
86
171
117
135
98
130
120
70
118
41
191
38
91
93
128
150
28
152
59
94
192
183
118
47
62
34
91
41
143
134
51
156
196
68
17
63
116
63
74
109
107
107
109
134
174
24
91
12
175
196
70
71
142
70
100
5
112
174
139
120
170
145
190
190
164
144
48
82
83
164
92
136
155
56
193
114
137
117
82
45
45
50
59
11
31
127
129
123
6
68
73
180
42
79
15
56
62
159
118
75
3
103
180
176
100
101
62
116
27
162
156
76
165
119
119
196
149
89
36
192
95
14
151
3
188
147
185
50
167
31
25
62
187
98
138
110
113
161
176
115
190
8
35
91
145
63
105
78
97
13
20
170
153
169
51
147
12
84
94
157
15
25
13
100
16
178
150
79
23
138
14
78
143
123
6
177
39
25
84
64
122
2
111
9
75
55
53
176
38
48
195
100
139
164
28
192
76
26
126
127
75
21
195
114
38
40
74
24
75
108
127
172
103
76
1
107
50
16
151
99
166
15
119
12
114
110
124
49
36
82
165
132
87
61
144
135
80
44
160
179
89
81
144
75
74
102
180
39
110
69
53
130
135
181
13
67
33
139
129
152
47
17
187
179
133
115
24
103
36
120
26
182
168
104
159
64
24
160
136
33
139
169
125
67
51
17
50
61
137
68
96
13
196
21
45
17
118
133
2
129
99
82
194
83
102
139
102
104
21
78
27
114
90
59
154
127
10
164
16
140
109
126
37
185
189
118
189
157
28
111
70
36
73
119
165
14
180
45
49
73
50
37
182
160
11
109
142
182
57
69
21
114
53
190
196
46
73
6
16
117
28
142
84
159
153
169
152
171
145
66
174
145
119
84
185
163
27
1
83
161
91
25
24
3
183
188
66
118
67
47
166
100
43
40
69
154
11
77
123
120
66
144
39
145
77
123
62
29
142
188
131
48
137
187
165
76
178
40
108
13
47
65
50
140
37
38
34
175
155
177
108
74
91
112
103
6
195
133
25
92
22
78
95
192
192
128
53
120
33
53
192
76
82
86
139
176
122
33
84
175
111
13
189
113
76
147
81
76
139
136
125
100
36
101
43
176
171
3
68
127
48
177
100
49
152
176
89
56
11
148
37
165
168
155
150
98
91
98
25
141
94
60
9
80
87
27
88
6
158
80
133
33
58
157
38
109
158
32
26
11
165
57
10
101
172
29
163
155
42
14
17
50
182
84
124
7
180
58
9
104
186
48
7
109
106
82
194
177
157
155
88
50
48
124
90
188
101
71
156
106
90
103
177
10
80
96
4
59
38
170
169
16
48
188
103
108
2
157
122
114
177
166
115
94
138
186
69
97
28
128
62
34
187
191
162
188
86
64
101
29
134
166
192
72
168
137
32
94
22
17
98
97
150
174
89
115
46
55
162
22
181
100
12
108
185
164
157
176
23
86
47
125
117
135
72
63
165
36
45
117
169
28
137
155
151
167
171
146
168
44
31
111
86
22
176
98
191
106
35
113
139
16
4
82
189
100
89
41
154
137
153
34
74
23
91
172
85
160
5
155
108
194
188
34
40
164
133
99
147
129
117
127
144
190
13
105
157
52
14
168
171
87
177
97
85
14
171
34
40
44
108
119
168
11
28
53
70
169
125
89
174
32
179
56
67
97
65
141
46
123
19
53
191
96
176
61
49
111
51
76
88
128
188
28
147
114
112
97
107
178
60
64
68
15
90
144
87
87
59
121
39
167
11
140
170
104
62
105
6
19
71
139
189
94
119
39
67
42
73
100
54
51
122
70
74
4
94
60
163
8
77
52
42
105
3
2
125
67
39
140
72
146
126
164
3
196
5
152
170
93
77
185
61
131
38
164
25
115
103
85
125
94
40
76
132
164
60
45
110
128
149
119
33
146
143
154
68
115
74
69
22
177
93
37
101
40
93
43
18
128
189
119
156
126
56
121
31
195
47
87
14
190
162
194
121
187
187
180
139
165
29
81
57
46
143
125
93
86
74
18
149
3
79
47
185
194
12
41
108
106
3
68
91
167
21
107
159
160
64
110
127
28
46
3
184
70
89
88
29
40
115
35
71
84
25
79
145
55
189
58
60
29
162
46
95
193
146
24
79
97
83
81
151
175
108
135
18
179
177
192
178
157
157
8
191
164
115
30
171
47
146
133
32
152
147
188
74
13
91
66
141
134
144
52
49
66
75
39
179
67
105
175
34
31
69
68
113
132
130
121
73
36
195
51
97
160
56
107
141
40
67
124
52
173
25
53
194
187
86
126
110
119
18
111
138
42
81
23
74
173
143
182
119
59
69
134
81
106
151
179
130
46
32
27
20
14
113
6
109
96
179
189
118
153
94
23
161
41
85
138
124
91
74
6
119
115
29
124
10
49
13
61
22
157
58
14
144
178
136
90
98
21
81
158
142
118
119
48
65
80
78
189
153
146
175
144
19
80
39
103
62
50
182
60
30
27
47
37
2
84
105
119
40
18
152
86
16
74
151
7
148
119
120
25
155
34
122
22
147
6
111
36
128
144
187
158
183
66
66
166
157
48
93
100
107
172
4
86
35
4
188
134
40
170
150
150
22
96
194
108
76
8
41
187
58
72
107
88
171
119
80
26
113
129
174
108
162
118
13
99
50
135
114
177
179
37
178
178
72
146
30
184
179
10
8
116
15
82
6
113
48
40
100
18
152
43
163
148
95
140
23
97
181
90
31
154
119
4
161
92
34
190
139
111
24
123
135
176
31
98
32
130
161
176
67
145
164
101
190
179
139
75
149
31
147
101
80
60
47
30
143
19
126
134
108
185
192
16
16
31
101
98
172
63
143
101
176
67
20
142
161
184
52
155
150
88
171
139
92
169
106
179
109
159
185
8
115
13
89
29
120
72
195
96
24
193
176
70
80
140
68
166
102
30
55
186
168
42
170
16
138
79
130
182
144
95
41
29
49
126
112
145
15
86
180
24
107
110
69
127
180
187
154
64
75
138
2
140
109
79
24
110
59
160
52
119
38
65
189
26
90
70
129
159
173
110
100
137
85
144
156
79
72
51
103
126
173
148
63
61
162
12
88
69
139
22
172
167
86
76
53
141
31
59
146
161
53
117
162
17
116
69
77
55
128
40
75
3
32
125
57
161
79
156
81
164
146
152
20
103
56
92
196
139
166
58
171
63
189
97
177
195
24
120
120
145
142
75
109
154
102
131
20
42
53
117
155
5
11
149
13
25
80
139
109
174
84
39
152
48
167
164
172
46
171
56
169
191
45
119
42
163
47
174
187
87
12
192
97
113
166
8
2
43
11
153
180
109
52
99
169
106
41
96
47
46
106
119
153
33
56
114
20
191
116
56
25
170
68
37
87
86
81
131
151
172
105
47
126
74
106
163
191
168
22
113
62
20
52
57
185
124
54
85
20
140
148
144
90
87
155
160
157
137
129
115
174
176
163
91
159
129
60
89
58
154
101
24
94
107
3
133
143
40
87
40
140
5
174
150
96
65
43
117
72
95
132
168
97
165
16
117
128
82
146
143
93
69
19
184
147
14
196
7
14
37
32
65
171
68
8
66
175
87
129
54
9
191
51
163
148
3
94
60
1
184
38
15
140
98
184
10
148
126
39
158
168
43
107
128
44
101
59
192
105
106
121
145
83
161
17
152
58
114
150
27
162
29
118
76
146
79
116
50
116
155
165
20
74
149
106
185
79
36
119
83
21
170
181
82
54
124
137
181
46
153
102
91
111
47
92
119
62
146
61
44
2
36
108
97
13
71
132
123
53
31
74
90
27
37
66
154
22
134
73
127
128
83
49
3
98
52
163
54
103
7
177
190
51
170
56
84
10
75
164
4
138
40
36
148
121
106
78
176
61
157
160
18
61
58
107
61
6
185
133
18
50
171
108
1
178
56
74
123
27
102
11
118
12
42
75
45
149
25
7
34
109
32
184
115
173
96
93
60
157
84
22
160
65
15
69
11
104
126
92
149
16
175
170
33
115
118
163
9
113
43
171
39
39
123
50
51
103
125
117
73
56
143
132
32
147
171
3
74
186
155
111
65
81
156
156
98
187
100
6
69
71
132
72
21
94
130
126
1
72
176
153
135
30
60
177
126
68
161
92
178
118
17
36
26
183
81
115
26
194
185
66
84
160
93
185
14
156
72
52
60
175
136
186
162
164
188
15
36
56
158
110
114
57
183
81
181
194
96
126
195
1
154
58
53
167
109
86
110
85
8
82
45
160
183
19
69
98
154
76
104
126
185
105
80
172
186
69
167
168
41
61
21
147
174
184
4
137
180
138
109
56
180
139
51
50
171
163
166
67
101
194
123
61
72
117
97
78
15
18
7
19
74
196
106
81
31
77
44
86
161
29
7
95
19
106
120
92
109
186
133
165
84
128
4
61
144
71
27
186
85
196
70
36
137
149
70
57
69
72
20
81
66
40
115
194
126
117
140
146
88
139
90
121
58
77
28
16
195
63
160
16
24
125
18
148
167
27
179
48
131
24
114
178
166
62
69
186
45
59
34
111
120
70
108
38
85
177
12
82
132
52
17
93
56
95
65
130
33
84
153
194
192
116
13
18
131
132
183
120
64
16
189
54
119
118
176
108
75
47
180
187
120
74
119
82
123
105
157
175
37
28
177
76
187
39
187
108
108
194
99
189
9
120
114
18
12
70
64
46
5
48
115
15
109
9
190
130
9
185
25
140
65
113
188
189
110
105
149
194
14
61
161
24
115
15
66
114
94
31
80
133
40
184
173
87
75
184
116
135
40
139
15
175
74
15
32
84
138
106
173
76
83
12
88
32
52
151
70
50
46
8
168
33
151
101
53
127
10
60
165
83
185
38
124
39
171
35
67
127
52
131
2
99
82
89
140
14
191
140
128
163
179
159
193
167
157
112
168
195
18
3
2
46
115
147
95
117
107
4
113
118
150
123
24
65
45
2
133
130
29
79
74
35
29
113
144
191
37
163
34
153
124
145
153
8
164
140
115
147
33
96
40
111
170
171
145
45
132
73
6
103
47
183
148
119
10
102
54
169
148
34
160
18
45
66
79
121
97
20
154
48
181
176
4
93
16
167
1
34
115
196
193
108
182
53
22
89
124
32
63
125
48
98
45
142
62
164
20
32
98
11
48
168
17
14
12
169
175
1
85
48
62
26
129
172
80
60
119
24
101
191
105
115
110
144
7
61
23
66
182
111
123
140
183
72
67
85
35
137
16
35
109
93
195
58
91
173
187
149
10
79
88
69
61
166
119
64
161
186
146
132
130
90
49
168
112
12
64
100
143
182
82
101
179
118
181
192
133
90
28
105
132
162
179
74
72
183
74
40
15
113
44
75
86
15
1
184
63
191
16
38
32
